0.015
0.246
0.925
0.403
-0.936
-0.972
0.069
-0.237
-0.88
-0.317
0.654
-0.869
0.629
0.4
-0.146
-0.867
0.407
0.538
0.323
0.564
0.754
-0.73
0.451
0.984
0.229
0.503
-0.646
-0.797
0.195
0.392
-0.042
0.518
0.603
0.916
0.531
-0.446
0.285
0.093
0.653
0.213
0.155
0.846
-0.612
-0.948
-0.257
-0.795
-0.295
-0.24
-0.722
0.587
-0.044
-0.612
-0.788
-0.741
-0.548
0.816
-0.642
-0.428
-0.067
0.951
0.628
0.113
0.375
0.013
0.668
0.343
0.201
0.257
0.718
0.585
-0.567
0.518
0.392
-0.308
0.756
0.311
-0.546
-0.644
-0.157
-0.75
-0.463
0.468
0.607
0.542
-0.057
-0.028
0.154
-0.725
-0.706
-0.942
-0.837
-0.722
0.144
-0.721
0.158
-0.824
-0.808
-0.23
-0.376
0.979
0.681
0.985
0.967
-0.966
-0.288
0.079
0.618
0.752
0.876
-0.198
0.261
0.076
0.223
0.335
0.707
0.861
0.703
0.082
-0.468
0.597
0.821
0.233
-0.102
0.529
0.542
0.513
-0.431
0.042
-0.787
0.633
0.915
-0.891
0.801
-0.975
-0.762
-0.301
0.381
-0.255
0.181
-0.227
-0.613
0.658
-0.436
-0.638
-0.921
0.85
-0.488
0.586
-0.626
-0.343
0.06
-0.892
0.458
-0.312
0.228
-0.762
0.844
-0.831
0.392
0.823
0.473
0.712
0.942
-0.383
0.422
0.596
0.992
-0.205
0.156
-0.291
0.21
-0.239
-0.122
0.602
-0.563
0.143
-0.85
-0.964
-0.076
0.337
-0.439
-0.713
-0.81
-0.387
0.739
0.342
-0.652
0.339
-0.325
0.144
-0.535
0.982
0.479
0.845
0.791
-0.596
-0.009
-0.058
0.4
0.048
0.655
0.349
-0.948
-0.606
0.126
-0.302
-0.373
-0.119
-0.328
-0.804
-0.06
0.629
0.622
0.034
0.324
-0.762
0.728
0.211
0.429
0.474
